단지명 면적 모집호수 신청인원 경쟁률
25 60      2,067 34.5
32 52        159 3.1
39 30          33 1.1
25 25      1,702 68.1
39 20          32 1.6
25 100      1,579 15.8
39 100          43 0.4
25 80      1,190 14.9
33 30        204 6.8
39 10          80 8
25 60        523 8.7
33 20          95 4.8
23 100        628 6.3
29 22      1,240 56.4
24 180        578 3.2
30 80          20 0.3
41 50          28 0.6
24 200      1,073 5.4
30 80          40 0.5
41 50          36 0.7
24 200        488 2.4
30 46          17 0.4
39 20           6 0.3
24 40          87 2.2
29 10        233 23.3
39 5           2 0.4
24 80        169 2.1
30 45          15 0.3
39 45           8 0.2
24 50        562 11.2
39 10          14 1.4
24 120      1,113 9.3
39 10          10 1
24 100      1,301 13
39 10          18 1.8
서초포레스타6단지 39 10          69 6.9
세곡2보금자리지구3단지(임대) 49 10          53 5.3
세곡2보금자리지구4단지(임대) 49 10          28 2.8
2170     15,543 7.2
신내10단지
합계
2021년 영구임대주택 예비입주자 모집 단지별 신청 현황
성산
면목
중계3단지
대치1단지
수서1단지
수서6단지
가양4단지
가양5단지
방화2-1단지
방화6단지
방화11단지
공릉1단지
월계사슴1단지